BETA_DECAY_OBS_REDUCED 1 20
     1	INC	 1.000000000000e+00	 1.000000000000e+00	 1.000000000000e+00	 9.940000000000e-01	 1.400000000000e-02	 0.000000000000e+00	 0.000000000000e+00
     2	INC	 1.000000000000e+00	 1.000000000000e+00	 1.000000000000e+00	 9.924000000000e-01	 9.000000000000e-03	 0.000000000000e+00	 0.000000000000e+00
     3	INC	 1.000000000000e+00	 1.000000000000e+00	 1.000000000000e+00	 9.783330000000e-01	 2.333332380000e-02	 0.000000000000e+00	 0.000000000000e+00
     4	INC	 1.000000000000e+00	 1.000000000000e+00	 1.000000000000e+00	 1.014000000000e+00	 2.000000000000e-02	 0.000000000000e+00	 0.000000000000e+00
     5	INC	 1.000000000000e+00	 1.000000000000e+00	 1.000000000000e+00	 9.996000000000e-01	 3.700000000000e-03	 0.000000000000e+00	 0.000000000000e+00
     6	INC	 1.000000000000e+00	 1.000000000000e+00	 1.000000000000e+00	 1.003000000000e+00	 4.000000000000e-03	 0.000000000000e+00	 0.000000000000e+00
     7	INC	 1.000000000000e+00	 1.000000000000e+00	 1.000000000000e+00	 9.989000000000e-01	 6.500000000000e-03	 0.000000000000e+00	 0.000000000000e+00
     8	INC	 1.000000000000e+00	 1.000000000000e+00	 1.000000000000e+00	 9.981000000000e-01	 4.800000000000e-03	 0.000000000000e+00	 0.000000000000e+00
     9	INC	 1.000000000000e+00	 1.000000000000e+00	 1.000000000000e+00	 9.987620000000e-01	 1.264120200000e-03	 0.000000000000e+00	 0.000000000000e+00
    10	INC	 1.000000000000e+00	 1.000000000000e+00	 1.000000000000e+00	 1.005080000000e+00	 5.142275760000e-02	 0.000000000000e+00	 0.000000000000e+00
    11	INC	 1.000000000000e+00	 1.000000000000e+00	 1.000000000000e+00	 9.618230000000e-01	 8.215576670000e-02	 0.000000000000e+00	 0.000000000000e+00
    12	INC	 1.000000000000e+00	 1.000000000000e+00	 1.000000000000e+00	 1.006540000000e+00	 3.360297600000e-03	 0.000000000000e+00	 0.000000000000e+00
    13	INC	 1.000000000000e+00	 1.000000000000e+00	 1.000000000000e+00	 9.921050000000e-01	 3.153712100000e-02	 0.000000000000e+00	 0.000000000000e+00
    14	INC	 1.000000000000e+00	 1.000000000000e+00	 1.000000000000e+00	 1.097720000000e+00	 1.386257552000e-01	 0.000000000000e+00	 0.000000000000e+00
    15	INC	 1.000000000000e+00	 1.000000000000e+00	 1.000000000000e+00	 1.003710000000e+00	 3.588175000000e-03	 0.000000000000e+00	 0.000000000000e+00
    16	INC	 1.000000000000e+00	 1.000000000000e+00	 1.000000000000e+00	 1.002210000000e+00	 2.185522800000e-03	 0.000000000000e+00	 0.000000000000e+00
    17	INC	 1.000000000000e+00	 1.000000000000e+00	 1.000000000000e+00	 1.001560000000e+00	 8.154925000000e-04	 0.000000000000e+00	 0.000000000000e+00
    18	INC	 1.000000000000e+00	 1.000000000000e+00	 1.000000000000e+00	 1.003970000000e+00	 2.022419300000e-03	 0.000000000000e+00	 0.000000000000e+00
    19	INC	 1.000000000000e+00	 1.000000000000e+00	 1.000000000000e+00	 1.003180000000e+00	 1.859319800000e-03	 0.000000000000e+00	 0.000000000000e+00
    20	INC	 1.000000000000e+00	 1.000000000000e+00	 1.000000000000e+00	 1.003440000000e+00	 2.283372500000e-03	 0.000000000000e+00	 0.000000000000e+00
